Function A: ADD 697
Function B: MULTIPLY 63
Function C: RAISE TO THE POWER OF 3

5420
4037
9603
2422
3190
6028
6388
5658
8088
6335
6723
6763
3665
4296
7262
8917
2357
9742
3459
2762
2951
2579
2576
8193
2786
6141
2960
8374
3867
4388
1529
5421
6190
3474
6269
1973
9736
3476
9453
5615
1026
7579
3345
5286
5786
8337
7803
9029
7919
1089
1687
5072
2065
3505
5079
5412
3191
8531
6846
5601
7568
4826
8061
9330
9139
4264
1781
2195
1251
2743
9819
8535
4045
9859
9283
8116
8016
3217
8479
2012
2646
7551
8093
6708
2210
4360
1319
8739
7940
8437
5644
4464
6465
3282
6079
5960
4066
1065
8496
1092
9614